1	1	1	300	2	2.7145
1	2	-1	0	1	1.3461
1	3	0	250	1	1.5659
1	4	0	-300	2	0.50792
1	5	0	0	1	1.1896
1	6	-1	100	2	0.92548
1	7	-1	-50	2	0.80531
1	8	1	150	1	0.51017
1	9	-1	-250	2	0.55109
1	10	-1	150	2	0.43617
1	11	1	-100	1	0.4368
1	12	0	150	1	1.5659
1	13	-1	-150	2	0.82257
1	14	1	100	1	0.21445
1	15	0	-250	1	0.74933
1	16	0	300	1	0.4212
1	17	1	-300	1	1.1573
1	18	0	-100	2	0.54814
1	19	0	-50	2	0.3098
1	20	0	-150	2	0.52469
1	21	1	250	1	0.2786
1	22	1	-50	1	0.3407
1	23	-1	250	2	0.47833
1	24	1	200	1	0.35028
1	25	-1	-100	2	0.51018
1	26	-1	200	2	1.4603
1	27	0	100	2	0.53291
1	28	0	-200	1	0.40497
1	29	0	50	1	0.30987
1	30	-1	-300	2	0.58265
1	31	1	-150	1	0.41448
1	32	1	0	2	1.8853
1	33	-1	300	2	0.84612
1	34	1	50	1	0.23618
1	35	1	-200	2	2.1801
1	36	-1	50	2	0.26168
1	37	1	-250	1	0.18954
1	38	0	200	2	0.54249
1	39	-1	-200	2	1.2384
1	40	1	150	1	0.23716
1	41	0	50	2	0.43831
1	42	-1	-50	2	0.454
1	43	0	300	1	0.39607
1	44	-1	50	2	0.44679
1	45	0	-200	1	1.6766
1	46	-1	-250	2	1.0928
1	47	1	200	1	0.26129
1	48	1	-200	1	0.34843
1	49	1	250	1	0.34234
1	50	-1	300	2	0.30299
1	51	-1	0	2	0.36511
1	52	1	-50	1	0.36684
1	53	0	-100	2	0.60471
1	54	1	50	1	0.34956
1	55	0	150	2	0.43668
1	56	1	-300	1	0.79649
1	57	-1	-300	2	0.42037
1	58	-1	-150	2	0.67114
1	59	1	0	1	0.28521
1	60	0	-300	2	0.48489
1	61	0	-250	1	0.94198
1	62	-1	-200	2	0.95864
1	63	1	100	1	0.26146
1	64	1	-250	1	0.64561
1	65	1	-100	1	0.33329
1	66	1	-150	1	0.32516
1	67	-1	150	2	0.23726
1	68	-1	200	2	0.29395
1	69	-1	100	2	0.36589
1	70	-1	250	2	0.94975
1	71	0	0	1	1.4138
1	72	0	-150	2	0.40643
1	73	0	250	2	0.67733
1	74	0	-50	1	0.3022
1	75	0	100	1	0.43109
1	76	1	300	1	0.29319
1	77	0	200	2	0.25301
1	78	-1	-100	2	0.25379
1	79	0	-250	1	0.38165
1	80	0	250	1	0.36479
1	81	-1	-100	2	0.82149
1	82	0	-50	1	1.0533
1	83	1	50	1	0.51017
1	84	1	100	1	0.36528
1	85	1	-200	1	0.33297
1	86	1	0	1	0.31686
1	87	1	250	1	0.31696
1	88	0	-300	2	0.38167
1	89	1	-300	2	0.43853
1	90	-1	-50	2	0.33343
1	91	0	-100	2	0.3733
1	92	1	-100	1	0.35823
1	93	1	-50	1	0.32511
1	94	0	100	2	0.28603
1	95	-1	-200	1	0.27887
1	96	-1	150	1	1.374
1	97	1	150	1	0.39066
1	98	1	-150	1	0.27752
1	99	-1	-150	2	0.27763
1	100	0	200	2	0.75653
1	101	0	-200	2	0.5094
1	102	1	300	2	2.6931
1	103	-1	200	2	0.55704
1	104	-1	250	2	0.26275
1	105	0	300	1	0.39059
1	106	-1	50	2	0.74172
1	107	0	0	1	0.35837
1	108	-1	0	2	0.22948
1	109	-1	300	2	1.1982
1	110	-1	100	2	0.55823
1	111	0	-150	1	0.82211
1	112	1	200	1	0.37478
1	113	1	-250	1	0.22268
1	114	-1	-300	2	0.15853
1	115	0	50	1	0.78168
1	116	0	150	1	0.44474
1	117	-1	-250	2	0.18917
1	118	1	300	1	0.31708
1	119	-1	50	2	1.5422
1	120	0	-150	1	0.78883
1	121	0	100	1	0.33392
1	122	1	250	1	0.54079
1	123	-1	300	2	0.2625
1	124	1	-200	1	0.51659
1	125	0	250	1	1.2055
1	126	-1	250	2	0.78932
1	127	0	-100	1	0.52418
1	128	-1	-50	2	0.46207
1	129	-1	-300	2	0.37374
1	130	0	-250	2	0.74265
1	131	1	-300	1	0.38073
1	132	-1	-150	2	0.2686
1	133	-1	100	2	0.23032
1	134	1	50	1	0.32518
1	135	0	300	2	0.38104
1	136	-1	-200	1	2.199
1	137	0	0	2	0.50178
1	138	1	-250	1	0.47067
1	139	0	50	1	0.51855
1	140	-1	-100	2	0.39664
1	141	1	-50	1	0.41431
1	142	0	-200	2	4.9332
1	143	1	100	1	0.40506
1	144	-1	150	2	0.26195
1	145	0	-300	2	0.44563
1	146	1	-150	1	0.28652
1	147	-1	0	2	0.19764
1	148	0	-50	1	0.35652
1	149	1	-100	1	0.4232
1	150	-1	-250	2	0.29308
1	151	-1	200	1	0.63098
1	152	0	200	1	0.33286
1	153	0	150	1	0.30199
1	154	1	150	1	0.44588
1	155	1	0	1	0.29275
1	156	1	200	1	0.38169
2	1	1	250	1	2.304
2	2	0	200	1	0.37284
2	3	1	0	1	0.7137
2	4	-1	50	2	0.086326
2	5	1	-50	1	0.15649
2	6	-1	-250	2	0.6212
2	7	0	-50	2	1.9653
2	8	0	-100	1	0.43688
2	9	-1	300	2	0.38867
2	10	-1	-50	1	0.41386
2	11	-1	200	2	0.1575
2	12	0	-300	1	0.59743
2	13	0	150	1	0.38051
2	14	0	0	2	0.46119
2	15	0	-250	2	0.48508
2	16	-1	-300	2	0.40496
2	17	1	300	1	0.3331
2	18	1	150	1	0.61377
2	19	1	-250	2	0.30965
2	20	-1	0	2	0.33356
2	21	0	-150	2	0.39744
2	22	0	100	1	0.42055
2	23	0	50	2	0.69324
2	24	1	-200	1	0.31911
2	25	1	-100	1	0.2612
2	26	-1	-150	2	0.2621
2	27	-1	-100	2	0.25373
2	28	-1	100	2	0.27791
2	29	0	300	1	0.32657
2	30	-1	150	2	0.21368
2	31	1	-150	1	0.32536
2	32	1	100	1	0.39026
2	33	-1	-200	2	0.27717
2	34	0	-200	1	0.67028
2	35	0	250	1	0.32495
2	36	1	-300	1	0.6608
2	37	1	50	1	0.38273
2	38	1	200	1	0.30982
2	39	-1	250	2	0.2615
2	40	-1	-200	2	0.30137
2	41	1	-300	1	0.32448
2	42	1	-250	1	0.58112
2	43	-1	150	2	0.20505
2	44	0	300	1	0.26817
2	45	-1	-50	2	0.71609
2	46	-1	-300	2	0.24493
2	47	-1	-150	2	0.37286
2	48	-1	300	2	0.46954
2	49	1	-100	1	0.3264
2	50	0	250	1	0.3823
2	51	0	-200	2	0.38119
2	52	-1	250	2	1.6453
2	53	1	0	1	0.36512
2	54	-1	50	2	0.30899
2	55	1	250	1	0.34199
2	56	0	50	1	0.36661
2	57	0	-250	2	0.3817
2	58	1	-50	1	0.4296
2	59	0	200	1	0.34226
2	60	1	-150	1	0.49515
2	61	0	-150	2	0.55014
2	62	1	50	1	0.38014
2	63	-1	200	2	0.20679
2	64	-1	0	2	0.35873
2	65	1	200	1	0.41362
2	66	-1	-250	2	0.23052
2	67	1	100	1	0.32362
2	68	0	-300	2	0.38129
2	69	0	100	1	0.33318
2	70	-1	-100	2	0.29305
2	71	0	-50	2	0.67899
2	72	1	150	1	0.34106
2	73	-1	100	2	0.25396
2	74	0	0	2	0.51786
2	75	1	300	1	0.36575
2	76	1	-200	1	0.41342
2	77	0	-100	2	0.36533
2	78	0	150	1	0.41321
2	79	-1	-250	2	0.33508
2	80	1	250	1	0.35619
2	81	1	-50	1	0.56409
2	82	1	50	1	0.38898
2	83	-1	300	2	1.0219
2	84	-1	150	2	1.2687
2	85	1	-250	1	1.5645
2	86	-1	-200	2	0.39819
2	87	-1	-50	2	0.32705
2	88	1	100	1	0.33418
2	89	0	-50	2	0.58889
2	90	-1	50	2	0.48595
2	91	0	200	1	0.34075
2	92	1	200	1	1.7255
2	93	1	0	1	0.32528
2	94	-1	-150	2	0.2372
2	95	1	-100	1	0.47911
2	96	0	0	2	0.42899
2	97	0	300	1	0.36409
2	98	-1	-100	2	0.3108
2	99	-1	200	2	0.39873
2	100	0	-300	2	2.1016
2	101	0	50	1	1.2126
2	102	1	150	1	0.32623
2	103	0	-150	2	0.31712
2	104	-1	250	2	1.2849
2	105	1	300	1	0.32406
2	106	1	-300	2	2.4287
2	107	1	-150	1	1.9345
2	108	0	250	1	0.28456
2	109	1	-200	2	0.43644
2	110	-1	0	2	0.98934
2	111	-1	-300	2	0.47897
2	112	0	150	1	0.24483
2	113	0	-250	2	0.32491
2	114	-1	100	2	1.3817
2	115	0	-100	2	0.83049
2	116	0	-200	2	0.50856
2	117	0	100	1	0.31642
2	118	1	250	1	0.62834
2	119	-1	-300	2	0.28522
2	120	-1	-150	2	0.36688
2	121	-1	100	2	1.0538
2	122	1	0	1	0.37463
2	123	-1	-250	2	0.37459
2	124	0	-200	2	0.32464
2	125	-1	-50	2	0.35652
2	126	0	-300	2	0.27642
2	127	0	150	1	0.32711
2	128	-1	300	2	0.4522
2	129	1	-300	2	0.52689
2	130	0	50	2	0.51079
2	131	1	-250	2	0.40587
2	132	1	50	2	0.37377
2	133	-1	150	2	0.37343
2	134	-1	50	2	0.31734
2	135	0	-50	2	0.30942
2	136	0	200	1	0.23734
2	137	1	-200	2	0.46101
2	138	0	0	2	0.60514
2	139	0	-250	2	0.404
2	140	1	-100	1	0.2839
2	141	1	-150	1	0.39857
2	142	0	-100	2	0.33369
2	143	1	100	1	0.36539
2	144	-1	-100	2	0.30048
2	145	-1	0	2	2.0694
2	146	1	300	1	0.38894
2	147	0	100	2	0.34106
2	148	-1	250	2	0.23795
2	149	1	-50	1	0.36572
2	150	1	150	2	0.38874
2	151	-1	200	2	0.21364
2	152	0	250	1	0.17253
2	153	-1	-200	2	0.56624
2	154	1	200	1	0.39711
2	155	0	300	1	0.43102
2	156	0	-150	2	0.38809
3	1	1	0	1	1.2001
3	2	0	-150	2	0.34199
3	3	1	200	1	0.26986
3	4	1	-50	1	0.32548
3	5	-1	50	2	0.25318
3	6	-1	-50	2	0.31722
3	7	1	-150	1	0.35012
3	8	0	200	1	0.34204
3	9	0	250	1	0.43694
3	10	1	-100	1	0.87677
3	11	-1	0	2	0.25399
3	12	0	-200	2	0.44487
3	13	0	0	1	0.42076
3	14	0	-50	2	0.39036
3	15	0	-300	2	0.42156
3	16	1	50	1	0.35844
3	17	0	-250	2	0.40634
3	18	0	100	1	0.32588
3	19	1	300	1	0.32683
3	20	1	-250	2	0.43802
3	21	-1	300	2	1.1976
3	22	-1	-150	2	0.51673
3	23	-1	200	2	0.86962
3	24	-1	-300	2	0.54046
3	25	1	250	1	0.45407
3	26	-1	-100	2	0.26021
3	27	0	50	1	0.36583
3	28	1	-300	2	0.42276
3	29	-1	250	1	0.8146
3	30	-1	-250	2	0.56548
3	31	-1	-200	2	0.40536
3	32	-1	100	2	0.33256
3	33	1	100	1	0.36546
3	34	-1	150	2	0.38903
3	35	1	150	1	0.39626
3	36	0	300	1	0.38886
3	37	1	-200	1	0.67805
3	38	0	-100	2	0.4866
3	39	0	150	1	0.40479
3	40	0	300	1	0.4447
3	41	0	-100	2	0.44526
3	42	1	200	1	0.50948
3	43	1	0	1	1.3584
3	44	0	-50	2	0.30219
3	45	-1	50	2	0.26008
3	46	0	200	1	0.30996
3	47	-1	300	1	0.41352
3	48	-1	-100	2	1.1975
3	49	0	-250	2	0.59731
3	50	1	-100	1	0.39717
3	51	0	0	2	0.45307
3	52	0	-200	2	0.51099
3	53	0	250	1	0.32516
3	54	0	-150	2	0.53272
3	55	1	-200	1	5.0049
3	56	1	100	1	0.46256
3	57	-1	-300	2	0.50245
3	58	-1	0	2	0.43632
3	59	-1	-50	2	0.34922
3	60	1	300	1	0.46981
3	61	1	-300	2	1.0137
3	62	-1	100	2	1.2059
3	63	0	50	1	0.59838
3	64	-1	-200	2	0.34959
3	65	-1	250	2	0.34219
3	66	-1	-150	2	0.42908
3	67	-1	-250	2	0.69394
3	68	1	250	1	0.37382
3	69	-1	200	2	0.46273
3	70	0	150	1	0.42859
3	71	1	150	1	0.41382
3	72	1	50	1	0.90169
3	73	0	-300	2	0.43656
3	74	-1	150	1	0.68506
3	75	1	-150	1	0.38031
3	76	1	-250	1	1.9819
3	77	1	-50	1	0.45201
3	78	0	100	2	0.5409
3	79	-1	50	2	0.46875
3	80	-1	150	2	0.38967
3	81	1	-100	1	0.39757
3	82	0	50	1	0.55709
3	83	-1	-150	2	1.581
3	84	-1	250	1	1.8761
3	85	1	50	1	1.2387
3	86	-1	0	2	0.90148
3	87	0	100	2	0.58935
3	88	-1	-50	2	0.33255
3	89	0	300	1	0.35909
3	90	0	150	1	0.55801
3	91	1	-300	2	0.50921
3	92	1	-250	2	0.46809
3	93	1	300	1	0.96598
3	94	1	200	1	0.46882
3	95	-1	200	2	0.34871
3	96	0	-300	2	0.42858
3	97	-1	-250	2	0.5405
3	98	1	-50	1	0.41407
3	99	1	100	1	0.72599
3	100	-1	-200	2	0.34883
3	101	-1	-300	2	0.45205
3	102	0	250	1	0.45262
3	103	0	-150	2	0.40553
3	104	1	250	1	0.40471
3	105	0	200	1	0.55659
3	106	1	150	1	0.47017
3	107	-1	100	2	0.27005
3	108	1	-150	1	1.781
3	109	-1	-100	2	0.36583
3	110	-1	300	2	0.27068
3	111	0	-100	2	0.41357
3	112	1	-200	1	0.37449
3	113	0	-200	2	0.34862
3	114	1	0	1	0.41324
3	115	0	0	1	0.54112
3	116	0	-50	2	0.33398
3	117	0	-250	2	0.34889
3	118	1	100	1	1.1578
3	119	-1	0	2	0.34096
3	120	0	-50	2	0.6145
3	121	0	-300	2	0.54141
3	122	-1	-250	2	0.37261
3	123	-1	150	2	0.57417
3	124	1	-100	1	1.0214
3	125	-1	-300	2	0.29394
3	126	1	150	1	0.52588
3	127	-1	100	2	0.40575
3	128	1	-200	1	0.38169
3	129	1	0	1	0.4215
3	130	1	250	1	0.34935
3	131	-1	50	2	0.20526
3	132	-1	-100	2	0.32547
3	133	0	200	1	0.30206
3	134	-1	-200	2	0.22094
3	135	0	-200	2	0.39689
3	136	0	300	1	0.25306
3	137	-1	-50	2	0.27695
3	138	-1	-150	2	0.41456
3	139	0	150	1	0.22946
3	140	1	300	1	0.54935
3	141	-1	250	1	0.47724
3	142	-1	300	2	0.26142
3	143	0	250	1	0.31631
3	144	1	-150	1	1.8139
3	145	0	-250	2	0.37303
3	146	0	-150	1	0.42258
3	147	-1	200	2	3.0768
3	148	0	100	1	0.41321
3	149	0	50	1	0.52714
3	150	1	-300	1	1.3583
3	151	1	50	1	1.0778
3	152	1	-50	1	0.37299
3	153	1	200	1	0.35859
3	154	0	0	2	0.71748
3	155	1	-250	1	0.39666
3	156	0	-100	1	0.45275
4	1	0	-250	2	0.39832
4	2	0	50	1	0.25425
4	3	-1	-50	2	0.35013
4	4	1	-200	1	0.23809
4	5	1	50	1	0.27097
4	6	0	100	2	0.50986
4	7	0	-50	1	0.44575
4	8	1	300	1	0.32564
4	9	0	150	2	0.35053
4	10	1	-50	1	0.68641
4	11	-1	-100	2	0.19828
4	12	0	300	1	0.41416
4	13	-1	150	2	0.26209
4	14	0	-150	2	0.54999
4	15	-1	-250	2	0.42188
4	16	1	-100	1	0.37377
4	17	1	100	1	0.30965
4	18	-1	-200	2	0.26954
4	19	0	200	1	0.36644
4	20	1	-150	1	0.75833
4	21	-1	50	2	0.63821
4	22	-1	100	2	0.47808
4	23	0	250	1	0.33396
4	24	0	-100	2	0.35786
4	25	-1	300	2	1.9897
4	26	-1	-300	2	0.49355
4	27	-1	250	2	0.65444
4	28	0	0	1	0.58931
4	29	0	-300	2	0.46215
4	30	1	0	1	0.37408
4	31	1	150	1	0.36596
4	32	1	-250	2	1.1419
4	33	-1	0	2	0.8137
4	34	1	200	1	0.42957
4	35	-1	200	2	0.86246
4	36	1	250	1	0.34932
4	37	-1	-150	2	0.31821
4	38	0	-200	2	0.45409
4	39	1	-300	2	0.51003
4	40	-1	-200	2	0.3259
4	41	0	200	1	0.34178
4	42	-1	200	2	0.37368
4	43	-1	250	2	0.34251
4	44	0	-200	2	0.27745
4	45	0	-300	2	0.37436
4	46	1	100	1	0.32725
4	47	0	300	1	0.42115
4	48	1	150	1	0.67004
4	49	-1	-300	2	0.3179
4	50	0	50	2	0.7098
4	51	1	300	1	0.39068
4	52	1	0	1	0.35054
4	53	1	-250	2	0.91844
4	54	0	-50	2	0.46132
4	55	-1	150	2	0.32618
4	56	-1	-50	2	0.35811
4	57	-1	100	2	1.038
4	58	-1	-150	2	0.39784
4	59	0	-250	2	0.46274
4	60	-1	0	2	0.77462
4	61	-1	-250	2	0.54248
4	62	1	50	1	0.35837
4	63	0	-100	1	0.51726
4	64	1	250	2	0.59015
4	65	1	-50	2	0.52707
4	66	0	100	2	1.9669
4	67	-1	300	2	0.32565
4	68	-1	50	2	0.40666
4	69	-1	-100	2	0.4545
4	70	1	-150	1	0.24638
4	71	0	-150	2	0.35827
4	72	1	-200	2	0.37416
4	73	1	200	1	0.35008
4	74	0	0	2	0.60595
4	75	0	250	1	0.35785
4	76	1	-300	2	0.63772
4	77	1	-100	1	0.45357
4	78	0	150	1	0.3815
4	79	-1	0	2	0.22239
4	80	1	150	1	0.32551
4	81	1	-50	1	0.32719
4	82	0	200	2	2.895
4	83	-1	-200	2	1.5978
4	84	-1	-100	2	0.40664
4	85	-1	-300	2	1.2305
4	86	1	-300	1	0.73438
4	87	-1	300	2	0.81422
4	88	1	-100	1	0.4141
4	89	-1	150	2	0.34199
4	90	1	0	1	0.37387
4	91	0	0	1	0.72579
4	92	1	250	1	0.41464
4	93	0	100	2	0.70155
4	94	0	-300	2	0.79042
4	95	1	300	1	0.34229
4	96	0	250	2	0.63919
4	97	-1	200	2	0.39006
4	98	-1	50	2	0.42995
4	99	1	-150	1	0.38185
4	100	0	-50	2	0.57373
4	101	1	100	1	0.38161
4	102	0	-100	2	0.58189
4	103	1	-250	1	0.37438
4	104	-1	-150	2	0.36627
4	105	-1	-50	2	3.1821
4	106	0	50	1	0.3899
4	107	1	-200	2	0.42178
4	108	0	-250	2	0.47767
4	109	-1	250	2	0.31858
4	110	1	50	1	0.70245
4	111	-1	100	2	0.27832
4	112	1	200	1	0.39822
4	113	-1	-250	2	0.34211
4	114	0	-200	2	0.40602
4	115	0	150	1	1.4219
4	116	0	-150	2	0.30173
4	117	0	300	1	0.27063
4	118	1	100	1	1.0145
4	119	1	-150	1	0.96643
4	120	1	-300	1	0.44624
4	121	-1	-200	2	0.50226
4	122	0	250	1	0.39702
4	123	1	300	1	0.7899
4	124	0	-50	1	1.3338
4	125	-1	-300	2	0.5416
4	126	-1	50	2	0.80649
4	127	0	100	1	0.51835
4	128	1	250	1	0.65424
4	129	-1	-50	2	0.42212
4	130	1	-250	1	0.36601
4	131	1	150	1	0.3019
4	132	1	0	1	0.47781
4	133	0	0	2	0.74267
4	134	-1	0	2	0.61455
4	135	0	150	1	0.36714
4	136	0	300	1	0.24431
4	137	0	-100	2	0.36521
4	138	0	-250	2	0.4551
4	139	0	-150	2	0.43003
4	140	-1	-250	2	0.31787
4	141	1	200	1	0.30179
4	142	-1	200	2	0.21366
4	143	0	-200	2	0.39058
4	144	-1	-100	2	0.58247
4	145	0	50	1	0.39834
4	146	1	-50	1	0.40625
4	147	0	-300	2	0.53414
4	148	-1	300	2	0.36609
4	149	-1	100	2	2.4539
4	150	1	-100	1	0.34168
4	151	1	50	1	0.31755
4	152	-1	-150	2	0.31846
4	153	1	-200	1	0.34236
4	154	-1	250	2	0.32626
4	155	0	200	1	0.34215
4	156	-1	150	2	0.31804
5	1	-1	50	2	1.0302
5	2	1	100	1	0.3261
5	3	1	-150	1	0.30999
5	4	1	-250	1	0.61388
5	5	1	-50	1	0.69375
5	6	1	-200	1	0.41464
5	7	1	300	1	0.44651
5	8	1	50	1	0.27039
5	9	-1	100	2	0.2063
5	10	1	200	1	0.35011
5	11	0	-100	2	1.126
5	12	-1	-200	2	0.31794
5	13	-1	300	2	0.31784
5	14	-1	0	2	1.0547
5	15	0	250	1	0.30959
5	16	-1	-50	2	0.37448
5	17	1	250	1	0.41538
5	18	0	100	2	1.0853
5	19	1	-100	1	0.42212
5	20	-1	250	2	0.27802
5	21	-1	-250	2	0.5099
5	22	0	300	1	0.47778
5	23	0	-250	2	0.42167
5	24	0	-50	1	0.41455
5	25	1	0	1	0.38245
5	26	-1	-100	2	0.33435
5	27	1	-300	2	0.40622
5	28	-1	200	2	1.4541
5	29	-1	-150	2	0.42194
5	30	0	-200	2	0.82984
5	31	1	150	1	0.23773
5	32	-1	-300	2	0.2786
5	33	0	-300	2	0.36551
5	34	0	-150	2	0.43739
5	35	0	200	1	0.37429
5	36	0	0	2	0.59817
5	37	-1	150	2	0.94207
5	38	0	50	2	0.3259
5	39	0	150	1	0.30976
5	40	0	200	1	0.47771
5	41	1	-300	2	14.358
5	42	0	-150	2	1.3267
5	43	1	300	1	0.32551
5	44	0	-50	2	0.29442
5	45	1	-200	2	1.1103
5	46	0	300	1	0.27815
5	47	1	200	1	0.28606
5	48	0	-300	2	0.22992
5	49	1	0	1	1.0539
5	50	1	-50	2	0.42171
5	51	-1	-150	2	0.3016
5	52	0	100	1	0.3175
5	53	1	-100	2	0.31034
5	54	0	0	1	0.36627
5	55	-1	-50	2	0.33417
5	56	-1	200	2	2.2141
5	57	-1	250	1	1.3258
5	58	1	50	1	0.51069
5	59	0	-250	2	0.30257
5	60	-1	-100	2	0.32645
5	61	0	-200	2	0.36637
5	62	-1	-300	2	0.54226
5	63	1	250	1	0.29414
5	64	1	-250	1	0.31003
5	65	0	150	1	0.32694
5	66	0	50	1	0.35782
5	67	0	-100	2	1.0697
5	68	-1	150	2	0.44651
5	69	-1	50	2	0.35844
5	70	-1	0	2	0.42236
5	71	-1	300	2	0.50217
5	72	-1	-200	2	0.36607
5	73	1	100	1	0.39802
5	74	0	250	2	0.90988
5	75	-1	100	2	0.27776
5	76	-1	-250	2	0.37466
5	77	1	-150	1	0.38256
5	78	1	150	1	0.37433
5	79	0	100	2	0.40734
5	80	-1	-150	2	0.37423
5	81	0	-300	2	0.39012
5	82	-1	50	2	0.42202
5	83	-1	-300	2	0.94189
5	84	-1	-250	2	0.38975
5	85	-1	0	2	0.41466
5	86	-1	-100	2	1.0215
5	87	1	-200	1	0.37339
5	88	-1	150	1	0.63028
5	89	0	250	1	0.33415
5	90	0	-250	2	0.37407
5	91	-1	-200	2	0.31795
5	92	0	-100	2	0.63083
5	93	1	-100	1	0.35871
5	94	1	-250	1	0.38161
5	95	1	200	1	0.94149
5	96	0	-50	2	0.39036
5	97	-1	100	2	0.33426
5	98	0	-200	2	0.35011
5	99	0	300	1	0.19804
5	100	-1	-50	2	0.16593
5	101	1	250	1	0.31783
5	102	0	200	2	2.0617
5	103	-1	300	2	0.30254
5	104	1	50	1	1.1824
5	105	1	150	1	0.39027
5	106	1	0	1	0.66217
5	107	0	0	2	0.49404
5	108	0	-150	2	0.33393
5	109	1	-300	1	0.31781
5	110	1	100	1	0.3827
5	111	1	-150	1	1.7655
5	112	1	300	1	0.33439
5	113	0	150	2	0.4063
5	114	-1	250	2	0.3982
5	115	0	50	1	0.46209
5	116	-1	200	2	0.38198
5	117	1	-50	1	0.41387
5	118	0	-50	2	0.37375
5	119	1	-50	2	0.35866
5	120	0	150	1	0.24654
5	121	0	-250	2	0.26244
5	122	1	150	1	0.31034
5	123	1	300	1	0.3902
5	124	1	-100	1	2.0141
5	125	-1	-300	2	0.31792
5	126	0	-150	2	0.34182
5	127	1	50	1	0.32667
5	128	0	-200	2	0.3666
5	129	-1	-150	2	0.33451
5	130	0	-300	2	0.4054
5	131	1	-250	1	0.37428
5	132	1	-300	1	0.30313
5	133	0	200	1	0.33408
5	134	1	100	1	0.30996
5	135	-1	50	2	0.24585
5	136	-1	200	2	0.32576
5	137	0	0	1	0.62966
5	138	-1	0	2	1.0945
5	139	-1	100	2	1.0474
5	140	-1	150	2	1.3182
5	141	-1	300	1	0.91807
5	142	1	250	1	1.2219
5	143	1	-150	1	0.29378
5	144	0	-100	2	0.35767
5	145	-1	-50	2	0.31057
5	146	1	0	1	0.30246
5	147	1	-200	1	0.27836
5	148	-1	250	2	0.18224
5	149	0	50	1	0.45416
5	150	0	100	1	0.63004
5	151	-1	-200	2	0.32692
5	152	1	200	1	0.35782
5	153	-1	-250	2	0.2227
5	154	0	250	1	0.16561
5	155	0	300	1	0.9255
5	156	-1	-100	2	0.20636
6	1	1	0	1	0.97576
6	2	1	50	1	0.22965
6	3	1	300	1	0.25454
6	4	1	150	1	0.21444
6	5	1	-300	1	0.25636
6	6	-1	0	2	0.14225
6	7	0	-300	2	0.47016
6	8	1	-200	1	0.19804
6	9	-1	-250	2	0.14994
6	10	0	100	2	0.63084
6	11	-1	-300	2	0.20573
6	12	-1	250	2	1.7906
6	13	0	-100	2	0.33445
6	14	-1	300	2	2.1263
6	15	0	-200	2	0.45459
6	16	0	250	1	0.31701
6	17	1	-50	1	0.53391
6	18	0	0	2	0.3418
6	19	1	200	1	0.31768
6	20	0	300	1	0.40658
6	21	-1	-200	2	0.25446
6	22	-1	200	2	0.98236
6	23	-1	-150	2	0.42223
6	24	-1	-50	2	0.30211
6	25	-1	50	2	0.32603
6	26	0	150	1	0.16591
6	27	-1	100	2	0.085777
6	28	0	-50	1	0.44671
6	29	0	200	1	0.2616
6	30	0	-150	2	0.29451
6	31	1	-100	1	0.3814
6	32	-1	-100	2	0.23029
6	33	-1	150	2	0.2152
6	34	1	-150	1	0.33409
6	35	1	250	1	0.29407
6	36	0	50	2	0.34188
6	37	0	-250	2	0.37378
6	38	1	-250	1	0.29365
6	39	1	100	1	0.43055
6	40	1	100	1	0.36245
6	41	-1	0	2	0.38134
6	42	0	0	1	0.40625
6	43	0	250	1	0.35013
6	44	1	-150	1	0.27002
6	45	1	250	1	0.22193
6	46	-1	200	2	0.1818
6	47	0	300	1	0.24572
6	48	1	-250	1	0.23862
6	49	-1	-100	2	0.15751
6	50	0	-200	2	0.39841
6	51	-1	300	2	0.23831
6	52	-1	100	2	0.84621
6	53	1	0	1	0.27808
6	54	0	200	1	0.31798
6	55	0	-100	2	0.48587
6	56	1	50	1	0.30176
6	57	-1	50	2	0.26264
6	58	0	50	1	0.27754
6	59	1	300	1	0.32644
6	60	1	-100	1	1.2223
6	61	-1	-50	2	0.1982
6	62	1	-200	1	2.4141
6	63	-1	150	2	0.22985
6	64	0	100	1	0.64576
6	65	0	-250	2	0.23863
6	66	-1	-200	2	0.29454
6	67	-1	-300	2	0.25442
6	68	-1	250	2	0.48632
6	69	0	-300	2	0.44622
6	70	-1	-150	2	0.3261
6	71	1	-300	1	0.294
6	72	1	150	1	0.34189
6	73	0	150	1	0.37379
6	74	1	200	1	0.36568
6	75	1	-50	1	1.1025
6	76	0	-150	2	0.43041
6	77	0	-50	2	0.3503
6	78	-1	-250	2	0.29421
6	79	1	-300	1	0.3741
6	80	1	200	1	0.31001
6	81	-1	300	2	0.19788
6	82	0	0	2	0.35778
6	83	0	-100	2	0.44568
6	84	1	-250	1	0.34258
6	85	1	50	1	0.32647
6	86	1	0	1	0.29434
6	87	-1	-100	2	0.070244
6	88	-1	0	2	0.22216
6	89	1	-200	1	0.17407
6	90	0	-50	2	0.21396
6	91	0	100	1	0.25387
6	92	0	300	1	0.79776
6	93	1	-100	2	0.22963
6	94	-1	50	2	0.070529
6	95	-1	-50	2	0.022433
6	96	0	150	2	0.43836
6	97	0	50	2	0.34222
6	98	1	250	1	0.23014
6	99	0	-150	2	0.24603
6	100	1	100	1	0.18992
6	101	-1	-250	2	0.029829
6	102	1	150	1	0.19901
6	103	-1	-150	2	0.19563
6	104	-1	250	2	1.8055
6	105	0	-200	2	0.34235
6	106	0	200	1	0.43023
6	107	-1	-300	2	0.15015
6	108	1	300	1	0.22204
6	109	1	-150	1	1.6139
6	110	-1	-200	2	0.10977
6	111	-1	200	2	0.14967
6	112	-1	100	2	0.43857
6	113	0	-300	2	1.1345
6	114	1	-50	1	0.24632
6	115	0	-250	2	0.1902
6	116	-1	150	2	0.18211
6	117	0	250	1	0.32602
6	118	-1	-100	2	0.2939
6	119	1	300	1	0.18981
6	120	0	-300	2	0.1347
6	121	1	150	1	0.14262
6	122	1	250	1	0.29452
6	123	-1	-300	2	0.046402
6	124	-1	-150	2	0.16633
6	125	0	200	1	1.5982
6	126	-1	-50	2	0.36606
6	127	1	50	1	0.16594
6	128	0	-250	2	0.13384
6	129	-1	0	2	0.13376
6	130	0	-50	1	0.29365
6	131	1	200	1	0.27154
6	132	-1	-250	2	0.0064257
6	133	0	300	1	0.10236
6	134	-1	-200	2	0.12626
6	135	1	-50	1	0.038173
6	136	1	0	1	0.20608
6	137	0	250	1	0.27802
6	138	-1	150	2	0.021876
6	139	-1	200	2	0.045789
6	140	-1	250	2	0.029701
6	141	1	-250	1	0.14961
6	142	1	100	1	0.11848
6	143	1	-200	1	0.16641
6	144	0	0	2	0.37434
6	145	1	-150	2	0.19823
6	146	0	100	1	0.10213
6	147	0	150	1	0.054078
6	148	1	-100	1	0.14194
6	149	0	-100	2	0.27084
6	150	-1	50	2	0.11874
6	151	0	-200	1	0.045636
6	152	0	50	1	0.17455
6	153	-1	300	2	0.063463
6	154	1	-300	1	0.14236
6	155	-1	100	2	2.9023
6	156	0	-150	2	0.28605
